  -1.4402847e-01   3.7048620e+00  -1.5523792e+02   1.9376798e+01  -1.5524000e+02  -1.5524000e+02  -1.5523556e+02  -1.5523556e+02   1.9374723e+01   1.9379167e+01   1.9379167e+01   1.9374723e+01   4.1297929e+01  -3.4929608e+02
  -1.3474604e-01   3.7048620e+00  -1.5523348e+02   1.9376798e+01  -1.5523556e+02  -1.5523556e+02  -1.5523111e+02  -1.5523111e+02   1.9374723e+01   1.9379167e+01   1.9379167e+01   1.9374723e+01   4.1323434e+01  -3.4929746e+02
  -1.4035104e-01   4.6360568e+00  -1.5523365e+02   1.9380380e+01  -1.5523556e+02  -1.5523556e+02  -1.5523111e+02  -1.5523111e+02   1.9379167e+01   1.9383611e+01   1.9383611e+01   1.9379167e+01   4.1312208e+01  -3.4929560e+02
  -1.3158829e-01   4.2446478e+00  -1.5523824e+02   1.9380580e+01  -1.5524000e+02  -1.5524000e+02  -1.5523556e+02  -1.5523556e+02   1.9379167e+01   1.9383611e+01   1.9383611e+01   1.9379167e+01   4.1255787e+01  -3.4928937e+02
  -1.6985056e-01   3.7158395e+00  -1.5522901e+02   1.9376775e+01  -1.5523111e+02  -1.5523111e+02  -1.5522667e+02  -1.5522667e+02   1.9374723e+01   1.9379167e+01   1.9379167e+01   1.9374723e+01   4.1353355e+01  -3.4929944e+02
  -1.8767622e-01   4.2234062e+00  -1.5522513e+02   1.9376518e+01  -1.5522667e+02  -1.5522667e+02  -1.5522222e+02  -1.5522222e+02   1.9374723e+01   1.9379167e+01   1.9379167e+01   1.9374723e+01   4.1376160e+01  -3.4930063e+02
  -1.5781141e-01   5.4364627e+00  -1.5522534e+02   1.9381111e+01  -1.5522667e+02  -1.5522667e+02  -1.5522222e+02  -1.5522222e+02   1.9379167e+01   1.9383611e+01   1.9383611e+01   1.9379167e+01   4.1367620e+01  -3.4929926e+02
  -1.6100547e-01   3.9467606e+00  -1.5522901e+02   1.9381114e+01  -1.5523111e+02  -1.5523111e+02  -1.5522667e+02  -1.5522667e+02   1.9379167e+01   1.9383611e+01   1.9383611e+01   1.9379167e+01   4.1347530e+01  -3.4929821e+02
  -1.4545609e-01   5.2140927e+00  -1.5522914e+02   1.9384697e+01  -1.5523111e+02  -1.5523111e+02  -1.5522667e+02  -1.5522667e+02   1.9383611e+01   1.9388056e+01   1.9388056e+01   1.9383611e+01   4.1335935e+01  -3.4929647e+02
  -1.4297928e-01   4.9817673e+00  -1.5522468e+02   1.9385606e+01  -1.5522667e+02  -1.5522667e+02  -1.5522222e+02  -1.5522222e+02   1.9383611e+01   1.9388056e+01   1.9388056e+01   1.9383611e+01   4.1386450e+01  -3.4930122e+02
